Sensor	Abundance	Log10u	sigma
mutant0	0.000498882849966	-0.873166737112	0.314199837209
mutant1	0.000997730037267	-1.16011715896	0.293336805326
mutant10	0.000461383780317	-0.534377037883	0.108351963932
mutant100	0.000461088519802	0.760560829802	0.217832295315
mutant1000	0.000941709445789	0.884880139129	0.127133234177
mutant1001	0.000410270873158	0.380410862277	0.13056026484
mutant1002	0.000612475828372	0.624655510676	0.0659865844575
mutant1003	0.000485354649779	-1.22957179819	0.248600703425
mutant1004	0.0008001160688	-1.3713869829	0.053475109601
mutant1005	0.00112182397418	-1.35111350075	0.0555389314315
mutant1006	0.000950681356738	0.423459257495	0.352325500416
mutant1007	0.00028501022946	-0.965436673589	0.137435986017
mutant1008	0.00062380036243	0.386822440731	0.387342703122
mutant1009	0.000438949908456	0.627480598422	0.0778738076385
mutant101	0.000542681090263	-1.37983750713	0.09704901085
mutant1010	0.00064993569214	-0.447430339989	0.124753505989
mutant1011	0.00112412777954	-0.278933790691	0.225569892957
mutant1012	0.000429918795179	-0.782270317069	0.133181765256
mutant1013	0.000692918155211	0.184175493662	0.389310825842
mutant1014	0.00109631128506	-1.33395636711	0.211168452203
mutant1015	0.000409685821723	-0.0544259854721	0.376256645618
mutant1016	0.000801959457887	0.899787031825	0.261119733622
mutant1017	0.00035497886818	0.0919453423496	0.217945069035
mutant1018	0.00100911221545	-0.738917970966	0.399791662303
mutant1019	0.000469920641627	0.0429776144934	0.200095312319
mutant102	0.0010010202574	-0.272974757875	0.197013195405
mutant1020	0.000413213583854	-1.31685215159	0.136219769353
mutant1021	0.00101973362137	-0.22919102161	0.0860574426692
mutant1022	0.000971059209838	-0.28869935655	0.107101752516
mutant1023	0.000752462423976	0.358189034892	0.347783524316
mutant1024	0.000450596277285	-0.245615349972	0.318950892967
mutant1025	0.000263549324596	-0.424517829471	0.244289171698
mutant1026	0.000884776957307	-1.33503621939	0.323635284822
mutant1027	0.00049473046347	0.485822955744	0.39538568106
mutant1028	0.000342975887198	-0.806812914106	0.240569185786
mutant1029	0.000855924625816	-1.42856886618	0.367769713628
mutant103	0.000803075723948	-1.16971147066	0.168662347045
mutant1030	0.000642440424134	0.0266933773204	0.15351694618
mutant1031	0.000560979477709	-1.3055549737	0.26628934149
mutant1032	0.000825983223738	-1.20448424666	0.112138357827
mutant1033	0.000509709870798	-0.233713106898	0.130717470883
mutant1034	0.000249196329676	-0.849125922955	0.212885264871
mutant1035	0.000195100339379	-0.03612230324	0.215166002579
mutant1036	0.000359972835825	-1.03455280035	0.109188662405
mutant1037	0.000539705628797	-0.597167369556	0.284873973929
mutant1038	0.000239098277196	-0.308722858039	0.336796070053
mutant1039	0.000727331845291	0.714420292759	0.250089082606
mutant104	0.000730568175703	-0.592754760774	0.231493191737
mutant1040	0.000290331994963	-1.31814282807	0.362735640542
mutant1041	0.000883321446451	-0.773242351016	0.350956899071
mutant1042	0.000197043205175	-0.935587422004	0.0927633614033
mutant1043	0.0011512126396	-0.379387751866	0.301848438701
mutant1044	0.00103649206929	-1.01785370067	0.392188578023
mutant1045	0.000338722527677	-0.204299711457	0.30236876879
mutant1046	0.000744559122688	-0.210946915039	0.348803182537
mutant1047	0.000396041001532	0.639614179736	0.247378919685
mutant1048	0.000957404669574	0.612733643303	0.112645708167
mutant1049	0.000490773587072	-0.879808986653	0.0975552118149
mutant105	0.00109882762587	0.349412792065	0.344439314333
mutant1050	0.000863477322553	-1.09321410697	0.184953910449
mutant1051	0.000906108340856	0.370354360738	0.390302652934
mutant1052	0.000367200160346	0.036639831354	0.194569951786
mutant1053	0.000571162428588	0.663279047331	0.147724709223
mutant1054	0.000563353731326	0.88619163653	0.221414092974
mutant1055	0.000716381739007	-0.0614646350817	0.308261228113
mutant1056	0.000745103833554	0.450889557928	0.263501405372
mutant1057	0.000854111480264	-0.21247452145	0.373304084541
mutant1058	0.000957394072314	-1.44698566644	0.340193882358
mutant1059	0.000302370690992	-1.38560604841	0.18611235671
mutant106	0.00107584521375	-0.734374263936	0.39294471177
mutant1060	0.000289717292317	-1.36329405789	0.0595237374892
mutant1061	0.000781959740423	-0.141631529038	0.191851129442
mutant1062	0.000248053920493	0.864938178298	0.223204703945
mutant1063	0.00101691733691	-1.2451685624	0.280302325554
mutant1064	0.000725680685326	-1.37459706687	0.241676371157
mutant1065	0.000674686678948	-1.10121641742	0.165365740757
mutant1066	0.000355192986994	-0.705283584621	0.0864595846031
mutant1067	0.000890476360849	0.487918473054	0.0940597785777
mutant1068	0.000596577762558	0.826204689775	0.195661137358
mutant1069	0.000872808709875	0.300165357298	0.0688802962938
mutant107	0.000337681496422	-0.66844628491	0.328052674988
mutant1070	0.000400964463182	0.599808927431	0.322200168468
mutant1071	0.000719809688576	-1.43722191347	0.0986333128503
mutant1072	0.00104977114953	0.19504445534	0.30510120429
mutant1073	0.00103929831682	-1.28227525087	0.390369896572
mutant1074	0.000574483698739	-0.344797913917	0.35717714033
mutant1075	0.00115221176686	0.523281094888	0.340949372672
mutant1076	0.000997397666621	-0.189235856596	0.2066536916
mutant1077	0.000590948132671	-1.1809754679	0.303353576623
mutant1078	0.000929290676472	-0.621529023605	0.246542567984
mutant1079	0.000495477785119	-0.88366399734	0.163603898627
mutant108	0.000691536590631	-0.974572673833	0.257483919505
mutant1080	0.00106181371285	-0.322156614391	0.384612391506
mutant1081	0.00100035243122	-0.69712302037	0.252324739303
mutant1082	0.000547264874565	-0.935419220858	0.157150648401
mutant1083	0.000928470307998	0.2724993956	0.381366166992
mutant1084	0.00105016355071	-0.865923202824	0.0696961219273
mutant1085	0.00107041137955	-0.95769858249	0.223928462968
mutant1086	0.00111363751598	-0.851768629562	0.194041393377
mutant1087	0.000557952743736	-0.502648101767	0.158128553064
mutant1088	0.000744214215998	-0.00568002340905	0.104765541949
mutant1089	0.00088692992651	0.444326391289	0.334352552639
mutant109	0.000267621299115	-1.23280140991	0.1623470509
mutant1090	0.000241540167108	-0.470222144386	0.394007963227
mutant1091	0.000869517764943	-1.3653463899	0.3657098072
mutant1092	0.000454039627305	-0.529966865559	0.0766104444589
mutant1093	0.000670307061664	0.521170731782	0.374346545916
mutant1094	0.000221384644394	-0.460347062204	0.2524074575
mutant1095	0.000372063246884	0.120101967873	0.174830667114
mutant1096	0.000195289981344	0.837164009555	0.352778457357
mutant1097	0.000396228230966	0.202739401864	0.0674452743134
mutant1098	0.000719726172815	-0.440950821012	0.379243475926
mutant1099	0.000230454820042	-1.06138845003	0.217854005762
mutant11	0.000542891096437	-0.512292371685	0.331796873299
mutant110	0.000840680726893	-1.45162469801	0.368918198373
mutant1100	0.000986945466465	0.606028434097	0.232931375019
mutant1101	0.000603888949073	0.713282448111	0.161341588832
mutant1102	0.00071635242663	-0.81480520165	0.281608486553
mutant1103	0.000719353739045	-0.410159333969	0.162878912545
mutant1104	0.000630486735459	-0.016758593876	0.107163862364
mutant1105	0.000490104850117	0.698214301159	0.129478960679
mutant1106	0.000411045469278	0.094713068672	0.304222965711
mutant1107	0.000999180449369	-0.444995997955	0.225940511083
mutant1108	0.00109429814865	-0.392660649284	0.161087549869
mutant1109	0.000559757880893	-1.16231609091	0.206737951522
mutant111	0.000708705165679	-0.464115155993	0.140991067039
mutant1110	0.000712757463542	-0.632921156522	0.173870647447
mutant1111	0.000707893287468	-0.500833331568	0.317988964133
mutant1112	0.0011222007372	-0.0837273265728	0.158886077142
mutant1113	0.000433701490376	-1.31039224617	0.114186177463
mutant1114	0.000618132963834	-0.528093788196	0.153276976087
mutant1115	0.000847851392108	0.80609122623	0.305960963726
mutant1116	0.000309782127523	0.187531510253	0.109119062206
mutant1117	0.000399795267698	-0.498186540851	0.324201749525
mutant1118	0.000665802571141	-1.08052098979	0.285730440607
mutant1119	0.000631147527049	-1.07515643854	0.142887600989
mutant112	0.000761612001871	0.493329147345	0.288265862324
mutant1120	0.000523796050413	-0.0364731088138	0.344859469669
mutant1121	0.000608123242492	-0.690906605412	0.0511292194566
mutant1122	0.000386269528927	-1.07756120354	0.185320358886
mutant1123	0.000270665790237	-1.24372943476	0.333695054993
mutant1124	0.000746374898361	0.66870039798	0.131896401927
mutant1125	0.000314147573179	-0.165920769726	0.346864554946
mutant1126	0.000864063312238	0.782237560242	0.0593514348211
mutant1127	0.000340521571528	0.74323945514	0.185789765489
mutant1128	0.00100597359923	0.661600204546	0.105551212446
mutant1129	0.00112848727689	-0.682605786317	0.0710670711064
mutant113	0.000545383766654	0.209100784638	0.262760093682
mutant1130	0.000433618995791	0.123649066143	0.314216452192
mutant1131	0.000419798921942	-0.51921444943	0.30489297628
mutant1132	0.000323550360207	0.00731159502583	0.17456369109
mutant1133	0.000804448238651	-0.2285265393	0.337733909143
mutant1134	0.000490272985314	-0.993266110957	0.323820295422
mutant1135	0.000734212394777	0.691534989294	0.350856230589
mutant1136	0.000541239016852	-0.469768435554	0.327452676981
mutant1137	0.000773803935886	0.754460045972	0.307996558237
mutant1138	0.000909815377767	0.543195990004	0.394257957819
mutant1139	0.000726464312877	-1.39920467092	0.397638287192
mutant114	0.00112127104741	-1.23721645589	0.349659118329
mutant1140	0.000441898081014	-0.397594563517	0.077254957678
mutant1141	0.000926593298089	0.631197162977	0.0974126805986
mutant1142	0.000430279315733	-0.154544146461	0.172480414467
mutant1143	0.000826820787481	-0.229870448926	0.342410403886
mutant1144	0.000654350924626	-1.43595822467	0.122625815066
mutant1145	0.00061501167984	-0.477353105179	0.352410284369
mutant1146	0.000877502126445	-1.30074689736	0.119559167532
mutant1147	0.00112406612144	-0.580852494921	0.139253021835
mutant1148	0.000990142633005	-1.23270858933	0.315164622779
mutant1149	0.000999420049528	-1.25140096531	0.349014140234
mutant115	0.000882108385224	-0.423530658088	0.352196227531
mutant1150	0.000375195451367	0.251622075634	0.317898037987
mutant1151	0.000521904319182	-0.298574011475	0.0700145918656
mutant1152	0.000964359331256	-1.48289963824	0.0564260448799
mutant1153	0.000686313150653	-0.167089146211	0.128039208837
mutant1154	0.0006237595379	-0.823813443015	0.289265923337
mutant1155	0.00063870815938	-0.793576684762	0.222318409815
mutant1156	0.000527864454623	-0.515832385932	0.254444289344
mutant1157	0.000306703141491	-1.13236092311	0.121026581436
mutant1158	0.00110220992842	-1.13828773521	0.387896281837
mutant1159	0.000426659255047	0.493677575798	0.220272897112
mutant116	0.00104409311413	-1.03296071693	0.213268327928
mutant1160	0.00046592164278	-0.135182251227	0.149189660604
mutant1161	0.000474895366955	0.348119701097	0.0501064161341
mutant1162	0.000206799818865	-1.00050255368	0.194079120808
mutant1163	0.000802833094561	-1.3306188251	0.145157957394
mutant1164	0.000579590720769	0.719950038036	0.268370000977
mutant1165	0.000261462791715	-0.141748649794	0.135862461765
mutant1166	0.000979906942424	-0.738138103887	0.394753886276
mutant1167	0.00020524335961	-0.766620367377	0.349570926289
mutant1168	0.000231059432366	-0.560758959651	0.291395242723
mutant1169	0.000408271420256	-1.30711892472	0.10434027052
mutant117	0.000537043187347	-0.799588262291	0.323980776599
mutant1170	0.000882833439021	-1.01254043716	0.0896478912307
mutant1171	0.000766900261771	0.62940628465	0.148187054862
mutant1172	0.000600458513235	0.481820790552	0.307327586968
mutant1173	0.000506633048308	0.743194536099	0.357369835315
mutant1174	0.00029029834124	-0.0110506181304	0.101184835701
mutant1175	0.000968351705643	-0.272927005949	0.273047290847
mutant1176	0.000940645907559	-0.376949653219	0.113301576798
mutant1177	0.000732887142907	0.51601565311	0.134683468816
mutant1178	0.000782366392417	-0.808574557516	0.319257752157
mutant1179	0.000202495724891	-1.16682103658	0.178503231546
mutant118	0.000831160766446	-0.154292865856	0.171200713471
mutant1180	0.00047294208088	0.464787550342	0.381793430031
mutant1181	0.000534889505675	-0.52000066213	0.15587797217
mutant1182	0.00111081408716	-1.39844955345	0.275660031516
mutant1183	0.000221373575031	0.87349484085	0.14175120483
mutant1184	0.000253555862262	-1.21633032752	0.246489051699
mutant1185	0.000642960134455	-0.653135690845	0.285031861471
mutant1186	0.000590492261739	0.653582072083	0.181943951807
mutant1187	0.000725313341676	-0.422841843205	0.168155630265
mutant1188	0.000211365812578	-1.2035390923	0.150843327753
mutant1189	0.000472214640525	-0.356442290258	0.0572734511509
mutant119	0.000827457716892	-0.290654804575	0.229228026292
mutant1190	0.000207087652878	-0.64705257591	0.315624957543
mutant1191	0.000639759095711	0.881548102878	0.306424132153
mutant1192	0.000494222374835	-0.404698447453	0.258222564756
mutant1193	0.00106082663051	0.255055099141	0.135069836323
mutant1194	0.0006498573839	-0.886363042643	0.339937585975
mutant1195	0.000517243942796	-0.165743024679	0.216268103014
mutant1196	0.000422691887397	-1.09294352199	0.240084420655
mutant1197	0.000814383618316	0.107878826047	0.255620599875
mutant1198	0.000752320182548	-0.0948421663995	0.267104330187
mutant1199	0.000908472234343	-1.11792375649	0.385489252557
mutant12	0.00099806231324	0.169803230149	0.343882120814
mutant120	0.000413582446976	-1.43248613922	0.34241441165
mutant1200	0.000683585279355	-0.494927442715	0.112349248809
mutant1201	0.000536994323522	-0.258750388872	0.161948936593
mutant1202	0.000597588091052	0.124427557461	0.151323652726
mutant1203	0.000812674663766	-0.329916028963	0.103922001948
mutant1204	0.00060209079666	-0.892328473124	0.123613400397
mutant1205	0.000980774627756	-0.0715387231654	0.224658428568
mutant1206	0.000829635553038	-0.262374036077	0.312335980802
mutant1207	0.000414096508509	-0.362497625041	0.0566720308261
mutant1208	0.000851916580614	-0.252211187098	0.104251500444
mutant1209	0.000871183176494	-0.185237431645	0.285785964105
mutant121	0.000972325082002	-0.439133927928	0.212687338487
mutant1210	0.000409176211699	-0.434756084929	0.309059833334
mutant1211	0.00031363367999	0.545993748627	0.0861754271747
mutant1212	0.000222330245062	-0.885343136501	0.111311525298
mutant1213	0.000864607539894	0.84124790047	0.263912959846
mutant1214	0.000197228800035	-0.574083223837	0.391116799625
mutant1215	0.000529994070846	-1.28743844812	0.185258214556
mutant1216	0.000956773243978	-0.952321071275	0.209513384574
mutant1217	0.000554173634614	-0.819238291701	0.227576110175
mutant1218	0.00111811773636	0.519023855846	0.326293017151
mutant1219	0.000339652969892	0.547776606923	0.326884789117
mutant122	0.000907949728655	-1.14035860443	0.320858998988
mutant1220	0.000642047460162	-0.262044173655	0.0716913352013
mutant1221	0.000676357980754	-0.449170258641	0.0857534383475
mutant1222	0.000708825832042	-0.755525517554	0.198208771852
mutant1223	0.000389797356837	-0.834049164627	0.236273100404
mutant1224	0.000870845526	0.505784007983	0.138023194047
mutant1225	0.000227335908935	-0.741709014759	0.290392619046
mutant1226	0.00024028160729	0.414897017912	0.0753292855371
mutant1227	0.000637586659395	0.295841088614	0.173159956832
mutant1228	0.00109872943457	-1.36528235655	0.132820401671
mutant1229	0.000792495905658	-0.248719807788	0.335785622754
mutant123	0.000285826573342	-0.40692446424	0.195963735864
mutant1230	0.000542652406328	0.672332803874	0.0829562687155
mutant1231	0.000258639985769	0.625027365034	0.37787592218
mutant1232	0.00020831349154	-0.550957150776	0.0945418559126
mutant1233	0.000243052517683	-0.870972263952	0.143871595431
mutant1234	0.000645046198084	0.824558252168	0.228257992754
mutant1235	0.00075250540864	-1.02466629684	0.0865796143683
mutant1236	0.000949590920949	-0.752808173701	0.235067884627
mutant1237	0.00070994895373	-0.168865456711	0.319304062083
mutant1238	0.000351974472555	-1.10811982724	0.0871186796423
mutant1239	0.000540938703415	-0.619920116863	0.138950654834
mutant124	0.000940194540641	-0.274052526083	0.177881744448
mutant1240	0.000599396886054	0.355562883689	0.334769889163
mutant1241	0.000556326887378	-0.0736061343305	0.30428411055
mutant1242	0.000310512697479	-0.145487835111	0.300569928286
mutant1243	0.000956408897177	0.693574573908	0.117840972703
mutant1244	0.000949979958685	-0.262427613526	0.0620165820164
mutant1245	0.000282088768212	-0.634821276162	0.203000272293
mutant1246	0.000402041028406	-1.03485219531	0.165606340146
mutant1247	0.00103272039271	-1.07067577552	0.177522461483
mutant1248	0.000677259975444	-1.47727919223	0.0617394550452
mutant1249	0.000853718429199	0.697904199744	0.28977978256
mutant125	0.000670916164022	-1.05784586273	0.313807273542
mutant1250	0.000825349087621	-0.248880225912	0.34901370606
mutant1251	0.000850167721151	0.570955738929	0.360535049676
mutant1252	0.00103421498353	-1.31301462619	0.208931360912
mutant1253	0.000527920841309	-0.0213911365614	0.201027803674
mutant1254	0.00021215324919	-0.631845133343	0.122765570052
mutant1255	0.000392511797171	0.512141757047	0.227301967371
mutant1256	0.000719601731045	-1.15570963535	0.333119666253
mutant1257	0.000646015533409	-1.37484131301	0.0877859771941
mutant1258	0.00022029494157	0.85989026111	0.308801793453
mutant1259	0.000818292427004	0.089498622546	0.25826587063
mutant126	0.00103275166019	-1.44802725736	0.282279467168
mutant1260	0.000919203113441	0.820331063154	0.234585714047
mutant1261	0.000806008245415	-0.283306128402	0.357172055724
mutant1262	0.000968534558775	0.193912699065	0.114879080514
mutant1263	0.000544849386478	0.014163353445	0.388615909654
mutant1264	0.000452706597888	0.0341860702579	0.308743038959
mutant1265	0.00036501780563	-0.959606230144	0.366690559468
mutant1266	0.000720909743208	0.540477477715	0.343207495801
mutant1267	0.000787129722989	-1.18174273998	0.193648443196
mutant1268	0.000714240780208	-0.633324557313	0.342076838753
mutant1269	0.000252843836985	-0.272934519627	0.279486848508
mutant127	0.00031101876893	-1.13039959934	0.22127667434
mutant1270	0.000709212874627	-1.39249887624	0.215585661706
mutant1271	0.000563483423795	-0.796938746284	0.283737221305
mutant1272	0.000624846589394	-1.16916687307	0.193520213133
mutant1273	0.000949842498472	0.395875013672	0.261804212025
mutant1274	0.000557319688545	-1.36044956148	0.0970257027436
mutant1275	0.00115472967583	0.104616365417	0.389965182395
mutant1276	0.000356746978032	-1.31242222703	0.322352096721
mutant1277	0.000261745207999	-0.519979689185	0.216140989931
mutant1278	0.000807463159777	0.838291223406	0.318137521079
mutant1279	0.000196729434044	0.421030089395	0.388067857787
mutant128	0.00073112632391	-1.17376978848	0.260721088952
mutant1280	0.000502887770105	0.546324232874	0.119165137278
mutant1281	0.000380306177473	0.867269363057	0.0571118360887
mutant1282	0.00112898806845	-0.897938037759	0.224631291481
mutant1283	0.000295709802956	0.0291119807866	0.0938064824901
mutant1284	0.000969969171138	-1.18702054967	0.0869943686303
mutant1285	0.000936043892697	0.55286607979	0.0638017924271
mutant1286	0.000460121034665	-0.718103228978	0.135290391866
mutant1287	0.000291651006795	0.529936275496	0.0735974443233
mutant1288	0.000856397686752	-0.865067225753	0.150199687559
mutant1289	0.00107350794442	-0.794761499217	0.126283746816
mutant129	0.000768669339773	0.292961874185	0.379843222761
mutant1290	0.00114320559962	-1.16181998593	0.056605621415
mutant1291	0.000570590153716	-1.0833056199	0.255792338752
mutant1292	0.000830842938054	-0.803002618026	0.359092940905
mutant1293	0.000556563151754	-0.375940574406	0.20821448102
mutant1294	0.000413902573785	-1.49103212052	0.276426856516
mutant1295	0.000635402941713	-0.658115792178	0.277563779627
mutant1296	0.000739992687944	0.338674670829	0.201022440678
mutant1297	0.000234127224622	-0.689945684891	0.376910446061
mutant1298	0.000362209587267	-0.920213076131	0.310059843856
mutant1299	0.000975619960149	-1.33449387517	0.144422244832
mutant13	0.000830124450056	0.507895290443	0.326738836673
mutant130	0.00105617732913	-0.361069513779	0.114253520519
mutant1300	0.000611197304227	-0.835892294702	0.222719888549
mutant1301	0.000447412737334	-1.45973321584	0.314911449959
mutant1302	0.000286173000534	0.838117830802	0.25594636145
mutant1303	0.000428932780896	-0.625179322622	0.349952503422
mutant1304	0.00061208374146	-1.04380451319	0.29431993066
mutant1305	0.000670394665795	0.551842023771	0.157333374718
mutant1306	0.000364634533223	0.444721733186	0.119266618165
mutant1307	0.000939647980136	-0.494367571458	0.116414611617
mutant1308	0.000818899878771	-0.641630949642	0.224938171411
mutant1309	0.000220493895832	-0.628613468181	0.3275931066
mutant131	0.000945780057308	-1.34945916151	0.116619774717
mutant1310	0.000602161955533	0.753462260777	0.070187008506
mutant1311	0.000213827467445	0.433307605254	0.368754366056
mutant1312	0.00044745304308	0.176127082924	0.065242014247
mutant1313	0.000328291452578	-0.5568338773	0.396089363353
mutant1314	0.000806294201253	-1.1916877128	0.211387182243
mutant1315	0.00103796067222	-0.12527810966	0.133940063119
mutant1316	0.000921740843667	0.184135732599	0.24465765351
mutant1317	0.00115028898129	-1.02825677981	0.328572574454
mutant1318	0.000729131559967	0.542857712754	0.300655243183
mutant1319	0.000988909971279	0.268202243415	0.0839699720913
mutant132	0.000428763602422	-0.268916077604	0.11985077615
mutant1320	0.0010382930599	-0.00353418567157	0.358269007011
mutant1321	0.000443000509962	0.374404165179	0.0954658517443
mutant1322	0.00108345282013	-0.568922754754	0.286146007411
mutant1323	0.000903336988002	0.68758384611	0.342970759522
mutant1324	0.000997509030108	-1.25453985444	0.371544382472
mutant1325	0.000457256104208	-1.40112522985	0.191319431764
mutant1326	0.000574695094788	-0.959543694092	0.323696528585
mutant1327	0.00101854421592	-0.564032061325	0.385053712575
mutant1328	0.000596950516091	-0.233617622939	0.396116659141
mutant1329	0.0011075368837	-0.170798240546	0.075949195863
mutant133	0.000808804375614	-0.271176599543	0.345102210595
mutant1330	0.000843965805442	-0.782682153522	0.364763098941
mutant1331	0.000905697962138	-0.972424407648	0.298784435431
mutant1332	0.000842387994849	-0.843895258804	0.197352912527
mutant1333	0.00114483934916	-0.294478742114	0.228759896197
mutant1334	0.000408172933702	-1.34577572744	0.234670396679
mutant1335	0.000864689805224	-1.49420305131	0.263499733791
mutant1336	0.000628556178929	-1.43789613333	0.354070517749
mutant1337	0.000501958169723	-1.31437664639	0.105280673228
mutant1338	0.000769467563829	0.00865363198209	0.310197494924
mutant1339	0.000922684197455	0.815524835043	0.346072302302
mutant134	0.000642025984472	-0.819620344734	0.32371827989
mutant1340	0.000505514691385	-1.15380221147	0.0973236469231
mutant1341	0.000786792949625	-1.01510264895	0.349319971963
mutant1342	0.000676058772581	-1.23406535922	0.272999447305
mutant1343	0.000704809241125	0.34964873638	0.208753568312
mutant1344	0.000284836629239	-0.125808657686	0.0694347219575
mutant1345	0.000846363842681	0.113023740276	0.074053387305
mutant1346	0.000751925483334	-0.302695624933	0.162927020515
mutant1347	0.000475788382741	-0.386884826227	0.235449398636
mutant1348	0.000874942575955	0.436006618664	0.398782321204
mutant1349	0.000247000927271	-1.10394344602	0.250553726191
mutant135	0.00105603414481	-0.804330104178	0.225481877563
mutant1350	0.000730068373831	-0.415308474733	0.30755864396
mutant1351	0.00105677583242	-1.45253626139	0.101767742881
mutant1352	0.000806785100778	0.679466742119	0.167053617124
mutant1353	0.000500876798105	0.452550585795	0.136202262732
mutant1354	0.000227237911152	-1.44948102181	0.216385043295
mutant1355	0.000644314925838	-0.598046269488	0.181047793507
mutant1356	0.000696898010889	0.521352943906	0.0899198131314
mutant1357	0.000716246987765	0.876275503849	0.229356794975
mutant1358	0.000466742423587	0.0976341156321	0.112347676561
mutant1359	0.000740091799629	-0.438825199689	0.266787031345
mutant136	0.000645980812845	0.0503003283589	0.353661145402
mutant1360	0.000992470745513	0.174168590421	0.394203376042
mutant1361	0.000735290710129	-0.162998025395	0.323674511577
mutant1362	0.000200870506179	0.422457801967	0.180559045475
mutant1363	0.00102735248142	0.291602160947	0.0878869172636
mutant1364	0.000885812948365	0.84759865221	0.0823825332059
mutant1365	0.00101936628509	0.412123577015	0.176753645819
mutant1366	0.000794100027943	0.33879686225	0.379843615151
mutant1367	0.000726349560613	0.898897692248	0.385675444403
mutant1368	0.000553835445908	0.1195767555	0.107541141212
mutant1369	0.000837481963173	-1.1334623656	0.12970167906
mutant137	0.000549560772316	-0.333905900533	0.267730700364
mutant1370	0.000238170655233	-0.140358462472	0.370261880556
mutant1371	0.000591864857261	0.471429127757	0.270182657092
mutant1372	0.00036686317968	0.494403156586	0.0888538388561
mutant1373	0.000697369992321	-0.612697653533	0.130018308077
mutant1374	0.000453880700847	0.179920928906	0.0665292518214
mutant1375	0.000767323667386	-1.2303936438	0.15184704193
mutant1376	0.000859002316418	0.161738275379	0.359980657441
mutant1377	0.000723369995048	-0.780481069733	0.230513383587
mutant1378	0.00106857142672	-1.20062844776	0.329940677281
mutant1379	0.000951487350479	0.636241732285	0.140598543543
mutant138	0.000557956842107	0.470637174306	0.38159694746
mutant1380	0.00098845470877	0.702952177805	0.234544983903
mutant1381	0.000661135444574	-1.37851703881	0.233546333869
mutant1382	0.00021328646949	0.775898336316	0.398454241735
mutant1383	0.00109885595728	0.010965709509	0.286011111511
mutant1384	0.00043332755849	-0.770999204115	0.292046626698
mutant1385	0.00098812037821	-0.0217830312917	0.313000326022
mutant1386	0.0010632171589	0.163827691249	0.392937334364
mutant1387	0.000796337306007	-1.20908720208	0.312989845703
mutant1388	0.00115826998907	-0.557917047717	0.231361815647
mutant1389	0.00042216715902	-1.09120923448	0.195212036719
mutant139	0.000549518014741	0.660625857463	0.265791595718
mutant1390	0.000718422455574	-0.239523772951	0.263633188596
mutant1391	0.000291094765406	-0.137450616418	0.329369753255
mutant1392	0.00083284288831	-0.710127633632	0.05015958879
mutant1393	0.000511339754641	0.079504398521	0.153334014561
mutant1394	0.000362327969708	-0.755780940362	0.200145309175
mutant1395	0.00115279635591	-0.61653163455	0.345852346048
mutant1396	0.000271811438778	-0.140310610533	0.377398147424
mutant1397	0.000692855934099	-0.0208756270448	0.176071900952
mutant1398	0.00040944610257	0.70738154605	0.246042632196
mutant1399	0.00107149532598	0.400510357851	0.24208168503
mutant14	0.000452371462461	-1.47757564607	0.124287710908
mutant140	0.000861036777108	-1.3346588713	0.119405487924
mutant1400	0.000202410503642	0.717802518433	0.17011293036
mutant1401	0.000267744095017	0.0932027981394	0.195582824582
mutant1402	0.000481199237513	-0.415827644679	0.309524661407
mutant1403	0.00114439130789	-1.25704467856	0.14384776849
mutant1404	0.00106649396313	-1.13342720564	0.348041353598
mutant1405	0.000472074908372	-1.33295381214	0.0533509250413
mutant1406	0.000764965208276	0.0421648932171	0.186024080683
mutant1407	0.000300292777233	-0.23721113472	0.364163763007
mutant1408	0.00105556403531	-0.853335979796	0.2257483711
mutant1409	0.000400956432268	-0.55594964231	0.321341714443
mutant141	0.00101270475959	0.682365080368	0.385629060091
mutant1410	0.000801549301518	0.0891336696912	0.153429168718
mutant1411	0.00068259207314	0.0100303116388	0.14683494243
mutant1412	0.000954025894734	-0.101759883178	0.392494418562
mutant1413	0.000538690830535	-0.545324952962	0.269235360614
mutant1414	0.000633517649966	0.121100899953	0.398654470279
mutant1415	0.000671584054161	-1.32258363389	0.0635183848664
mutant1416	0.00103997176303	-1.08830490836	0.105202178116
mutant1417	0.000604181937137	-0.0259633386359	0.201418333212
mutant1418	0.000275569446607	-1.42276979975	0.240274341039
mutant1419	0.000367259987745	-0.384421413311	0.373305935836
mutant142	0.000434428107181	-1.31200042044	0.110902295457
mutant1420	0.000483482385828	-0.479367108577	0.327289633828
mutant1421	0.000237346174843	-0.916867202449	0.338463518805
mutant1422	0.000435022360611	0.57529951359	0.234320437552
mutant1423	0.000258058046131	0.5118951614	0.0550819896298
mutant1424	0.000825378707183	0.808305101177	0.381093444951
mutant1425	0.000991192477589	-1.35718086795	0.0565967365402
mutant1426	0.000683817445118	-0.068567149382	0.0907716115924
mutant1427	0.000976132073967	0.444881013474	0.112249840074
mutant1428	0.000354498377275	0.404867178523	0.302616468606
mutant1429	0.000253049619422	-0.559424803471	0.307593737389
mutant143	0.00103455817223	0.36564946898	0.119626918072
mutant1430	0.000883460070183	-0.743690764322	0.349159675607
mutant1431	0.000377899230805	-0.333833720001	0.104699942671
mutant1432	0.000386733809901	0.445435691379	0.138363759778
mutant1433	0.00108373948288	-0.413424693661	0.065588298149
mutant1434	0.00102122429461	-0.11084931872	0.348012515735
mutant1435	0.000603235528352	0.863142630517	0.0724165953338
mutant1436	0.000839761619999	0.669046871409	0.352796599054
mutant1437	0.000792598864251	0.0772226708662	0.285494091577
mutant1438	0.000805657223399	-0.77086881281	0.145558522046
mutant1439	0.00065045106559	-0.414277133317	0.0538228750603
mutant144	0.000794009197694	-0.334645292356	0.110821028244
mutant1440	0.00075647589092	0.88636335578	0.376776709139
mutant1441	0.000838688666624	-0.379008498553	0.186572450805
mutant1442	0.000297210477013	0.329106201615	0.207420230432
mutant1443	0.000450022888307	-1.32377567687	0.288546203534
mutant1444	0.000780410591918	-0.652427656746	0.27485080998
mutant1445	0.000435366261557	-0.6405358163	0.146930537202
mutant1446	0.000279377920098	-1.40006052473	0.0702811815734
mutant1447	0.000332133411622	-0.262140327474	0.0796016282279
mutant1448	0.000241004431624	-0.940814422601	0.0856600552826
mutant1449	0.000679551298813	0.626322000886	0.108332150193
mutant145	0.000733678367115	0.709317183899	0.262664834003
mutant1450	0.000768204213358	-0.0250362478617	0.268681556539
mutant1451	0.000268825876746	-0.494644587758	0.0802244383508
mutant1452	0.000252089045835	-0.507973325616	0.0520898771739
mutant1453	0.000584178854944	-0.272564835564	0.188624970467
mutant1454	0.000726898355594	0.0172002940285	0.164941213504
mutant1455	0.00108034131011	-0.421281023454	0.15746403756
mutant1456	0.000612891808976	0.670367739074	0.247841217987
mutant1457	0.00102603167032	0.689579675542	0.362345645042
mutant1458	0.000699792679435	-0.544099054141	0.266314649662
mutant1459	0.000314618630364	-0.60437042265	0.213722662741
mutant146	0.000297893589921	-0.759515388088	0.178530123661
mutant1460	0.000211259406491	-1.32438616171	0.190419720283
mutant1461	0.000575851904444	0.113170151799	0.216914219029
mutant1462	0.000394474259771	0.722913877303	0.0521257905388
mutant1463	0.000305211589312	0.189576148901	0.361309442462
mutant1464	0.000323497695391	-0.570881489677	0.312334288207
mutant1465	0.000787911440942	0.244427939774	0.0686096160529
mutant1466	0.000599721249078	0.339058091537	0.343816666765
mutant1467	0.000455826351953	-0.386555062373	0.0871522262765
mutant1468	0.00042424050679	-0.981769929665	0.242896683655
mutant1469	0.000208660934484	0.612628094221	0.338501719288
mutant147	0.000781761332594	-1.48910810324	0.297435718577
mutant1470	0.000977890836559	0.536027056883	0.265289693054
mutant1471	0.000536415251864	0.597908505548	0.0709031785643
mutant1472	0.000510667830472	-0.470389759217	0.209543352339
mutant1473	0.000708400653181	-0.833021899638	0.0748303442752
mutant1474	0.000598952422573	-1.18470180179	0.0510354941245
mutant1475	0.000983441023674	-0.645639700645	0.39618408894
mutant1476	0.000664505674199	0.45361953236	0.24154746043
mutant1477	0.000939182376078	-0.96561686491	0.18111958868
mutant1478	0.000512570727437	-0.0814016999195	0.0823639239589
mutant1479	0.000406080212164	-0.740082346155	0.341542245188
mutant148	0.000595287023113	-0.499170487301	0.147956620529
mutant1480	0.00114208503893	0.479040596763	0.296047652801
mutant1481	0.000620940325308	0.595510070151	0.168143626215
mutant1482	0.000983131265661	-1.30856585197	0.326834008233
mutant1483	0.00105932623325	-0.307871967181	0.17439178813
mutant1484	0.000577039336392	-0.288860250956	0.322740473283
mutant1485	0.000592884697031	-0.22661264805	0.316196096643
mutant1486	0.00108992681791	0.458541871897	0.076637900501
mutant1487	0.00102029775192	-0.504126605346	0.0812962097627
mutant1488	0.000769706298014	-0.150665096984	0.168383028795
mutant1489	0.000480374841171	0.527425342986	0.114932286415
mutant149	0.00111103071561	0.588274208025	0.105845886326
mutant1490	0.000941430817987	-0.573344171267	0.131083170074
mutant1491	0.00113475001641	-0.4320898977	0.193752045783
mutant1492	0.00078316966933	-1.48549016378	0.0928709754649
mutant1493	0.00081003191142	0.0957312302367	0.290637139808
mutant1494	0.000475515613542	0.688739070765	0.175010175095
mutant1495	0.000211164432983	0.769000543675	0.300922525128
mutant1496	0.000259337191636	-0.0445692075196	0.184052787763
mutant1497	0.000886374105855	-1.3796329125	0.24015458149
mutant1498	0.000221346372987	-0.00326663923437	0.328010639813
mutant1499	0.00109213589565	0.412993693046	0.306932893177
mutant15	0.00107015606472	-0.374669369746	0.322829853072
mutant150	0.000790142549444	-0.130079767126	0.109036875037
mutant151	0.000413989631394	0.255170223744	0.253117604897
mutant152	0.000963910917138	-1.25883645911	0.174899219273
mutant153	0.000420359380889	-0.691628119841	0.260739799607
mutant154	0.000239488478881	0.773333946149	0.154491852458
mutant155	0.00027789063841	-1.29719018027	0.239642849819
mutant156	0.000786872518957	-0.0999213461683	0.067321562317
mutant157	0.000398603914582	0.0809912970255	0.326780737734
mutant158	0.000522851593402	-1.23220051791	0.367442643785
mutant159	0.000442158693567	0.493938332011	0.210449104377
mutant16	0.000634849533908	-0.246029533348	0.366916400539
mutant160	0.000569494102589	-0.0976691395949	0.343046383822
mutant161	0.000509172131432	-0.406144000033	0.389679521122
mutant162	0.000781747039435	0.18208374971	0.305373378651
mutant163	0.000947833786184	-1.49034649183	0.211404432089
mutant164	0.000523712796492	-1.28965693158	0.117048925864
mutant165	0.000547540057925	-1.18889994879	0.129313479308
mutant166	0.00112804404784	-1.24112929121	0.28892569267
mutant167	0.000193281078976	0.133403287619	0.219178029608
mutant168	0.000764629578742	0.75720120061	0.0688996707384
mutant169	0.00104467373392	-0.199931191331	0.143154822196
mutant17	0.000246168664542	-0.74093425715	0.256166985301
mutant170	0.000523308561337	-1.36326508569	0.368432784051
mutant171	0.000752411281811	0.707240712635	0.398846913948
mutant172	0.00108403882275	-0.823089688274	0.396157477694
mutant173	0.000937474550176	0.445090292256	0.395854767393
mutant174	0.000609930168717	-1.06125953569	0.345037860054
mutant175	0.000316388841329	0.426538940776	0.282555278436
mutant176	0.000455216757648	0.0968358458129	0.340908479868
mutant177	0.00105998378578	0.573295845417	0.0627580484081
mutant178	0.00112375900304	0.54078648693	0.349867812714
mutant179	0.00033988524136	0.28489645816	0.353080063198
mutant18	0.00082766011479	-1.42527270056	0.206464239636
mutant180	0.000911179358069	0.86800056715	0.372941004469
mutant181	0.000875188720207	0.797252286816	0.0922333636581
mutant182	0.0011282293803	-1.26417941841	0.0515181539855
mutant183	0.000353555116691	0.6988701646	0.0574105576693
mutant184	0.000949481147144	0.457120926937	0.23578434118
mutant185	0.000869277820975	0.519385765392	0.0588280595016
mutant186	0.000569105242231	-0.946001982794	0.125528855588
mutant187	0.000216575452998	0.582269209984	0.113351900554
mutant188	0.000596827737647	-0.921447647831	0.242519772218
mutant189	0.000751386740905	0.0329139659663	0.391733145854
mutant19	0.000395647121822	0.84464550304	0.154174980578
mutant190	0.00052520870447	-1.21242646083	0.132239093181
mutant191	0.000446491428275	-0.741549786103	0.0678617815235
mutant192	0.000726138992948	0.712731193885	0.282203581591
mutant193	0.000306048882162	0.667950164686	0.391406819841
mutant194	0.000381180515595	-0.355346547655	0.379630140908
mutant195	0.00051268469901	-0.989021758166	0.19216226943
mutant196	0.000419612474065	-0.223977484143	0.315133753753
mutant197	0.000356304679598	-1.06452170937	0.0767941524284
mutant198	0.000681020311111	0.365622695594	0.122539466607
mutant199	0.000517135699262	0.197966988912	0.161393937402
mutant2	0.000741424259321	-1.39491040921	0.141440454375
mutant20	0.000421207961988	-0.987459400134	0.38239277734
mutant200	0.00109532310355	-0.300301585954	0.200674464916
mutant201	0.00106563616885	-0.846686085402	0.235825117436
mutant202	0.00112677104511	-0.63787566932	0.365623625222
mutant203	0.000266220594937	-0.294850066665	0.0996351778332
mutant204	0.000588931217424	0.352512900237	0.190702006973
mutant205	0.000452599763371	0.0956528531684	0.163360706034
mutant206	0.000400424425057	-0.368511956981	0.0508014480368
mutant207	0.000715381458313	0.045179052837	0.125277899425
mutant208	0.000865355714337	-0.601019089913	0.361190579794
mutant209	0.00115357275765	0.82270201933	0.391981412062
mutant21	0.000686776039111	-0.0882118564744	0.383070818083
mutant210	0.000929669831964	-0.677526310035	0.31566103419
mutant211	0.00106570569565	-0.843823317742	0.22731856461
mutant212	0.000505275371903	-0.959879453874	0.0512431187919
mutant213	0.000476955742388	-0.13330849393	0.373016775901
mutant214	0.000401475931501	-0.977037475546	0.320794464427
mutant215	0.000934714222597	-1.43863492272	0.264874155029
mutant216	0.000829662142079	0.241500155327	0.146097269171
mutant217	0.000712298362274	-0.845705119587	0.150141400852
mutant218	0.000856920913838	-0.7608378842	0.182095090075
mutant219	0.000859370746162	0.282695885824	0.384853956828
mutant22	0.000933569702379	-0.863957870352	0.0774561450679
mutant220	0.000745049409003	0.720734550406	0.3376650761
mutant221	0.000757766274425	-0.00765307359597	0.233182821671
mutant222	0.000563495666437	0.436988152417	0.136258596993
mutant223	0.00109805444307	-1.42637236218	0.192315514289
mutant224	0.000987374092751	-1.10229867886	0.287631199278
mutant225	0.000363424697369	0.749974326756	0.121144269665
mutant226	0.000463122039582	0.476091780061	0.294024006387
mutant227	0.000457731922246	-0.66626496985	0.270881599836
mutant228	0.00037569685162	0.560987432337	0.389904228571
mutant229	0.000267107430352	0.807625233098	0.386372790487
mutant23	0.000538038968547	-0.870715501821	0.211813700508
mutant230	0.000433046481073	0.172739453857	0.0995857169981
mutant231	0.000515739520178	-1.15004272802	0.133970261404
mutant232	0.000230180732384	-1.2666620714	0.0508724214928
mutant233	0.000558847638028	-0.815056943458	0.201643317956
mutant234	0.000615146764628	-0.791875816571	0.346439704312
mutant235	0.000629047909145	0.357106249797	0.384339708391
mutant236	0.00100832416207	0.420715525463	0.2558562408
mutant237	0.000384601595816	-0.0459164292542	0.350810568541
mutant238	0.00107808974137	-1.37663713171	0.340672263762
mutant239	0.000199148878941	-0.767750085227	0.264752470037
mutant24	0.000272879921005	-1.37225091087	0.250283599303
mutant240	0.0010290796557	-0.737394964477	0.0894532146574
mutant241	0.00022698128339	-0.979744193667	0.306283400438
mutant242	0.000310152665093	0.552513096096	0.118062979704
mutant243	0.000208178814897	-1.32421168783	0.135131239944
mutant244	0.000384727567551	-0.53272526785	0.104200301891
mutant245	0.000380891058863	-0.473164355765	0.121028316969
mutant246	0.00100257391751	0.0180227080285	0.112591860929
mutant247	0.00052497650852	0.243315811279	0.375798349608
mutant248	0.00083895977147	-1.01335882898	0.22706962927
mutant249	0.000510213631101	-1.17087017238	0.20123331336
mutant25	0.000584351566083	-1.37893931501	0.0741671473124
mutant250	0.000472137928372	0.0461204741813	0.0823014388195
mutant251	0.000371703117482	-0.933690486946	0.397829120821
mutant252	0.000502838062281	0.252437368719	0.208229157582
mutant253	0.000588051337289	-0.724492511174	0.138276326773
mutant254	0.000903314081522	-1.1467654533	0.217410953033
mutant255	0.000198389694999	0.116172832124	0.116772936079
mutant256	0.000247038814939	-1.39483915983	0.365353193513
mutant257	0.000278768556493	0.832682862313	0.157108904165
mutant258	0.00108399185804	-0.551412900394	0.218810606215
mutant259	0.000992481318646	-0.709815172823	0.0588979519638
mutant26	0.000672946554767	-0.1354901144	0.162821315921
mutant260	0.000240789426469	-0.128011957717	0.367894587955
mutant261	0.000671373516845	0.346900495313	0.370812732301
mutant262	0.00102427277158	0.710893529995	0.221337218669
mutant263	0.000407413726762	0.0451233981675	0.152129892801
mutant264	0.000217592626885	-1.05063619375	0.329736262853
mutant265	0.000955822121451	0.384955541329	0.281423886808
mutant266	0.000509819767037	-0.397703464442	0.225189091117
mutant267	0.0010349542941	0.862585669405	0.388517846246
mutant268	0.000931919650721	-1.21384514361	0.320520113613
mutant269	0.00103975164537	-1.42093315965	0.21628146232
mutant27	0.000393012814419	0.270769462516	0.245969446932
mutant270	0.000333439419263	-0.819442361906	0.238720936646
mutant271	0.00111041194484	-0.0699068572165	0.264056265171
mutant272	0.00036005175831	-0.43631037085	0.170785500956
mutant273	0.00113499083886	-1.20809899781	0.291681828557
mutant274	0.000703988375455	-0.0978198629651	0.375199418634
mutant275	0.000772188148431	-1.3630555588	0.14878337204
mutant276	0.00112885337918	-0.20471705428	0.168870060761
mutant277	0.000523898890269	0.820983017064	0.272317389751
mutant278	0.000235618495077	-0.302976627648	0.25497562103
mutant279	0.000360591556586	0.50168807927	0.113750859463
mutant28	0.000617250867535	0.62078887897	0.112335768388
mutant280	0.000235767166557	0.042940263933	0.271653021762
mutant281	0.000564783413363	0.395202044884	0.294610241904
mutant282	0.000318063939071	-0.588634122726	0.359633093739
mutant283	0.00076390844307	-1.49626121156	0.23849607627
mutant284	0.00100043721042	-0.158819314627	0.105632441417
mutant285	0.00109916997128	-0.532715231394	0.314964523134
mutant286	0.00091541013113	0.147540736449	0.366708719813
mutant287	0.000300258778295	-0.956299162615	0.144965691361
mutant288	0.000279294897781	-1.4559881586	0.203176261715
mutant289	0.000423961885302	-0.906488394353	0.153964465286
mutant29	0.00092080303133	-0.113893356106	0.253336248124
mutant290	0.000798916240029	-0.107589597512	0.081545002317
mutant291	0.00107589584531	-1.44394590122	0.156209279601
mutant292	0.000587248856201	0.664053393023	0.102310721029
mutant293	0.00100587469212	-0.33734996724	0.202138101979
mutant294	0.000587123338856	-1.46365140645	0.100549206401
mutant295	0.00110485722202	-1.3543013595	0.178988954683
mutant296	0.000659221138465	-1.17334295446	0.278956468765
mutant297	0.000955769153896	0.104008057386	0.23287198229
mutant298	0.00106845865962	-0.474811872201	0.0784730448546
mutant299	0.00113420096142	0.652509694326	0.381295491924
mutant3	0.000260561095108	0.340230312232	0.126831194188
mutant30	0.000322572859307	-0.076496881456	0.241101172871
mutant300	0.000455653970658	-0.648702974112	0.303220854095
mutant301	0.00075009392148	-0.439611151927	0.131533621915
mutant302	0.000661941495524	0.422032258445	0.37178026329
mutant303	0.000258046573143	-1.45207554543	0.160474989057
mutant304	0.0010047246407	-1.34295492679	0.107251672609
mutant305	0.000821175542126	0.0283880351448	0.187052938933
mutant306	0.000220640826949	-0.640132397683	0.304486184117
mutant307	0.00022913789798	0.199109476838	0.334130036847
mutant308	0.000812612888648	0.628683877586	0.266624754208
mutant309	0.000598812597918	0.897950369895	0.0987791494892
mutant31	0.000766698384183	-1.49593553377	0.332705179998
mutant310	0.00108313489716	-0.370222243548	0.156235633936
mutant311	0.000623507360947	0.735378393901	0.254996920639
mutant312	0.000227543602873	0.853793395474	0.24722762493
mutant313	0.000382448877251	0.513602852277	0.255953047569
mutant314	0.0002042843809	-0.446186870249	0.141618468709
mutant315	0.000379514404015	0.221426105745	0.293599719818
mutant316	0.000609152478896	-0.503888036996	0.15270797193
mutant317	0.0004862362248	-1.46402019254	0.135561357586
mutant318	0.000388224387175	-0.730016031579	0.27715137896
mutant319	0.000541226148538	0.882591710592	0.217609892172
mutant32	0.000827631982382	0.396185396003	0.0853799343566
mutant320	0.000347904126911	-1.17132959677	0.302092574155
mutant321	0.000557882991625	0.489056780468	0.282058227735
mutant322	0.000440689371268	-0.781050060301	0.159979984252
mutant323	0.000209241393307	-0.166175173668	0.374835499973
mutant324	0.000692504712364	-0.320451167163	0.16328563767
mutant325	0.00019967413789	-0.632418398508	0.398238103014
mutant326	0.000276329238027	-0.951561117627	0.0501268250445
mutant327	0.000302115259702	-0.627871100225	0.0965563236225
mutant328	0.00098892065003	-1.37580003641	0.0606056411146
mutant329	0.0008406583075	0.513086300499	0.293497736033
mutant33	0.000644938526716	0.344580558657	0.0993945690665
mutant330	0.00109806413169	0.358151938241	0.0799954054198
mutant331	0.000505733522225	-1.29682488561	0.217317257727
mutant332	0.000805679050083	-0.657909889948	0.378737618895
mutant333	0.000274942260306	0.239433325845	0.397135308467
mutant334	0.00105920600892	-0.021257689185	0.398364379787
mutant335	0.00101408891626	-0.316519319922	0.144396232706
mutant336	0.000461463029178	-0.441247010112	0.305154465218
mutant337	0.000707965139926	-1.48892479347	0.289305124107
mutant338	0.00103385906534	-1.07681533539	0.23074077246
mutant339	0.000784705720188	-0.882404113088	0.127262063894
mutant34	0.000819902919978	-0.613137555957	0.141040897816
mutant340	0.000802741392494	-0.752670953339	0.278145685029
mutant341	0.00110491788853	-0.0285878726727	0.0599644235788
mutant342	0.000610706849646	-0.29386027952	0.316674412481
mutant343	0.00112410263514	0.703741642518	0.215898091324
mutant344	0.000520810384486	-1.4076135042	0.333359079274
mutant345	0.000193497971654	-0.676074721342	0.273826223143
mutant346	0.00105955373733	-0.62140068031	0.32503791346
mutant347	0.00110201694144	-0.221587870828	0.321682029488
mutant348	0.000569363615108	-1.29935477125	0.0751533184831
mutant349	0.00114115134104	-0.0526404607783	0.115307402139
mutant35	0.000285823249512	-1.43868585233	0.29609429858
mutant350	0.000752855661638	-0.295918056004	0.287246235617
mutant351	0.00105536564597	-1.22961567326	0.344319087345
mutant352	0.0005609932017	0.640177970042	0.32445495026
mutant353	0.000636520512978	-0.128586478221	0.197220500264
mutant354	0.00114323450948	-1.45806061832	0.0853893000956
mutant355	0.000652822991366	-0.432361546144	0.137547746657
mutant356	0.000807615544569	-0.992613051806	0.180760559957
mutant357	0.000760321981381	0.132037502812	0.309240836816
mutant358	0.000298887712971	-0.27547963113	0.146731858958
mutant359	0.000358187546805	-1.37411677416	0.308801496176
mutant36	0.00087348671094	-1.48770344027	0.242144361219
mutant360	0.000602442877336	-0.229090038802	0.0768329439857
mutant361	0.000893995509024	-0.0320701784739	0.0566913305166
mutant362	0.000793206664928	0.542711529814	0.248156390942
mutant363	0.000237862250474	0.207048741269	0.0985826698546
mutant364	0.000813801973047	-1.44543902402	0.396577203611
mutant365	0.00101859136817	0.685698089406	0.0503110209331
mutant366	0.000878922575914	-0.207842564559	0.241710380724
mutant367	0.000759907368307	-0.659919873888	0.339898312052
mutant368	0.000910864163595	-0.616282006357	0.292341944527
mutant369	0.000882974681981	-1.08278827695	0.0759464131117
mutant37	0.000685642561962	0.820983952561	0.22030487669
mutant370	0.000478087237122	-1.07768187704	0.297025500843
mutant371	0.000790587989041	-0.973583392364	0.171391833659
mutant372	0.000419960928068	0.190342324135	0.169176646111
mutant373	0.000561442383307	-0.245180660456	0.24494833971
mutant374	0.000920107144501	-1.33147678654	0.321291177076
mutant375	0.000358245766705	-0.319383287636	0.294045821815
mutant376	0.00047027967457	0.394101571124	0.192422819079
mutant377	0.000837536288383	0.677408277551	0.319070619149
mutant378	0.000461812904276	-0.187747507072	0.21632992744
mutant379	0.000484753163136	-0.185623446958	0.156923086752
mutant38	0.000369762231457	-0.17805600261	0.306483713962
mutant380	0.000876350799843	0.379498513281	0.141814476054
mutant381	0.000778530337786	-1.25438700941	0.335526413806
mutant382	0.000518073802941	0.415134446292	0.205509492172
mutant383	0.000942140431535	0.126298063301	0.375568631224
mutant384	0.000522044262781	-1.224549319	0.226752397454
mutant385	0.000827258515985	-1.47170925202	0.339601916617
mutant386	0.000601064147139	-0.648805545818	0.397560536137
mutant387	0.000313705386734	-0.40007926278	0.103838664055
mutant388	0.0011048998885	0.623676905594	0.0554048366915
mutant389	0.000374410533979	-1.43669147798	0.196759209482
mutant39	0.000259641912463	0.229062977876	0.389292571712
mutant390	0.000552067055879	-0.0445654568003	0.084057268452
mutant391	0.000709768173189	0.306469326628	0.272258882099
mutant392	0.000990314936011	0.0168328750151	0.196870213892
mutant393	0.00111513935609	-0.643551507119	0.180523545451
mutant394	0.000551553739837	0.726430071196	0.335188486917
mutant395	0.000849700131764	-1.07621886435	0.083417565263
mutant396	0.000690228000584	-0.967099565053	0.366983321844
mutant397	0.00115124348301	-0.565804666529	0.36331309544
mutant398	0.000972507385912	-0.870114783429	0.128185490382
mutant399	0.000859820649301	-0.815330715346	0.247076831839
mutant4	0.00113545646531	-1.39709131876	0.0612192050408
mutant40	0.000302417993034	-0.545041466948	0.117383122701
mutant400	0.000217781989241	-0.159945872232	0.242947661784
mutant401	0.000709336237394	0.0818747968624	0.207622591475
mutant402	0.000478567657235	0.243220493134	0.192254225868
mutant403	0.00110084568419	-1.04032489188	0.252663084983
mutant404	0.000615160761755	0.57254371636	0.223685469703
mutant405	0.00022995030183	0.395530069997	0.129923311797
mutant406	0.000810264655396	0.750422814398	0.361797205736
mutant407	0.000983737586102	0.344789888428	0.102050850879
mutant408	0.00071051363485	-0.543334786598	0.0769718754186
mutant409	0.000460357379474	-1.21304838098	0.278755472155
mutant41	0.0010536774801	-0.724965163372	0.24900831
mutant410	0.000393298764017	-0.959986407458	0.328125997535
mutant411	0.000212827783831	0.366460601197	0.330858378872
mutant412	0.000270659504493	0.542127109788	0.357247765598
mutant413	0.000722147531596	0.823233908986	0.319428440967
mutant414	0.000743542514749	-0.611403249626	0.207748143609
mutant415	0.000401316800903	-0.805781619515	0.232893087603
mutant416	0.00102926507618	-0.455999571442	0.123971986235
mutant417	0.000446037375893	-0.458435063899	0.361586509708
mutant418	0.0008360415895	-0.897314640683	0.108945032286
mutant419	0.000600692318842	0.703434827171	0.239041993654
mutant42	0.000390421286222	-0.824214173443	0.193920372703
mutant420	0.00026550079977	-0.0345709760556	0.122424771842
mutant421	0.000873369613592	-1.38996541532	0.0956699434229
mutant422	0.000432297907143	0.0455501289966	0.0994595409261
mutant423	0.000497577708759	-0.921604853708	0.134661266883
mutant424	0.00094224555528	0.610347459049	0.0890273820829
mutant425	0.000409155793598	-0.677887864494	0.059594498411
mutant426	0.000714662168364	-0.431247380154	0.299480716777
mutant427	0.000617784148621	0.514507709819	0.192584633288
mutant428	0.000612934666703	-0.0537572881565	0.394555673317
mutant429	0.000730335448475	-0.0458622007323	0.315871960905
mutant43	0.000702307135001	-0.179102018626	0.234767820595
mutant430	0.00101165128185	0.816067261837	0.275701088075
mutant431	0.000822391238153	-0.33788981515	0.059308915793
mutant432	0.000361104290033	0.888126893764	0.177764910846
mutant433	0.000634319733215	0.377670410697	0.160567887649
mutant434	0.000681748611136	0.110275601213	0.329799515794
mutant435	0.000997940924735	-0.413695219873	0.0648432766761
mutant436	0.000282171786925	-1.00337132942	0.214837457683
mutant437	0.000979041596109	0.0877231947147	0.14407444141
mutant438	0.000255063170904	-0.622850449677	0.0701480091309
mutant439	0.00100628270988	-0.892152576216	0.228628676364
mutant44	0.000344041485688	0.112442466841	0.132918507596
mutant440	0.000976311578918	-0.688384315244	0.189162127897
mutant441	0.000526181410964	0.0986165327418	0.294128976926
mutant442	0.00074307707693	-1.04106292938	0.160321136331
mutant443	0.00104981632765	-0.680325304736	0.239401077219
mutant444	0.000571603016721	0.777152604955	0.320444881797
mutant445	0.000809569105818	-0.918535319893	0.056154284854
mutant446	0.00110798942722	-1.21263732609	0.159113618219
mutant447	0.000982504064194	-0.00446339995185	0.368585358239
mutant448	0.000710721137713	-0.165064901935	0.249238297796
mutant449	0.00100374377882	-1.39103345062	0.223278826723
mutant45	0.000540773426353	0.0111198418948	0.269337743981
mutant450	0.000534840285348	-0.20083787294	0.179959769791
mutant451	0.000313166349643	0.472881065813	0.281055220942
mutant452	0.000403195233601	0.576208950398	0.179034515937
mutant453	0.000431718114054	-0.894007026814	0.253422623976
mutant454	0.000228920134511	0.00858675385846	0.160119075288
mutant455	0.000825282020324	-0.321045924479	0.248553698288
mutant456	0.000404065349479	-0.771778595543	0.0955480657357
mutant457	0.00089573985949	-1.31810246658	0.0797780137935
mutant458	0.00102244234866	0.232467490535	0.341790560542
mutant459	0.000490611192525	-0.160707654595	0.0887007066199
mutant46	0.000656671266903	-1.38676255707	0.299040167616
mutant460	0.000357863107593	0.704362888409	0.120997124775
mutant461	0.000657225668211	-0.118079200113	0.191410521786
mutant462	0.000286373595711	-1.46266237265	0.313017672644
mutant463	0.00104016001544	-0.464962602581	0.188633393008
mutant464	0.000243807145147	-0.490575605805	0.250327915822
mutant465	0.000829162715225	-0.590541474717	0.187498679091
mutant466	0.000603795522849	0.250705790621	0.103351300177
mutant467	0.000295548041149	-0.344061015146	0.245373430924
mutant468	0.000367763977224	-0.788582588832	0.0520094086373
mutant469	0.000673995142547	0.173595067744	0.0592095209367
mutant47	0.00109676459071	0.887334243077	0.249397305567
mutant470	0.000439024200836	0.708640595865	0.349701017432
mutant471	0.000646231300695	0.89682002787	0.361870394336
mutant472	0.000726443502782	-1.29140196537	0.389841946755
mutant473	0.00104905055911	-0.191369804587	0.255640795244
mutant474	0.000440592201322	0.366414233356	0.260650655943
mutant475	0.000322555721768	-1.14294456057	0.239777638078
mutant476	0.000951454319056	-0.168673114906	0.337657161384
mutant477	0.00106554273789	-0.325480356721	0.36579858235
mutant478	0.000412856369361	-0.596968119642	0.2188447114
mutant479	0.000531532965103	-0.139053296335	0.083743166532
mutant48	0.000423850401289	-1.04263474669	0.258072273774
mutant480	0.00115030383652	0.177147089359	0.121679693386
mutant481	0.000557653863323	-0.446165624107	0.303990494845
mutant482	0.000322388523693	-0.889844456714	0.390348630143
mutant483	0.00100014378348	-1.1760297855	0.365434037428
mutant484	0.000691710481875	-0.877113785229	0.130350777257
mutant485	0.000424156509868	-1.05158575201	0.33503278253
mutant486	0.000216565238454	-0.238593691242	0.177899313371
mutant487	0.000968949330659	-1.02781124798	0.357301670223
mutant488	0.000242344554753	-1.47300280325	0.341378986125
mutant489	0.000585873180022	-0.507823285707	0.246560220579
mutant49	0.00104424886501	0.323705521666	0.128982035314
mutant490	0.00102979744066	-1.27781203876	0.291515330004
mutant491	0.000422575169604	0.0225075053799	0.0643748019333
mutant492	0.00052095356936	0.486582079028	0.282600737504
mutant493	0.000522756341904	-0.417072794237	0.312574905984
mutant494	0.00023033394797	0.183242277105	0.0576155305456
mutant495	0.00027054887786	-0.620860580687	0.106909759087
mutant496	0.000763152790858	0.490650843869	0.268935002241
mutant497	0.000606393144456	-1.25954015096	0.137251851779
mutant498	0.00108500290366	-1.33062695753	0.120415169996
mutant499	0.000899057282968	-0.303807085281	0.21358878416
mutant5	0.000222470286085	-0.625820428934	0.383653688499
mutant50	0.000403066898789	-0.272145790625	0.207818346731
mutant500	0.00114294685556	-1.35380104543	0.0956612075651
mutant501	0.000348928099116	-0.675124489159	0.385992496506
mutant502	0.000394224556691	-1.15295166926	0.20928061279
mutant503	0.000562683516996	-0.576253416317	0.157020705438
mutant504	0.00106409194218	-1.42411914108	0.221056421551
mutant505	0.000412489734489	-0.713405007273	0.360446820106
mutant506	0.000797289449279	-0.386179240474	0.38299671777
mutant507	0.00109220475052	0.125794728259	0.0577367238771
mutant508	0.000348550910159	-1.03509775533	0.250570370964
mutant509	0.000898054786558	-1.41130290412	0.132180054109
mutant51	0.00031061321985	0.00426813162865	0.111553324839
mutant510	0.00109728779664	-0.74609720775	0.167210539887
mutant511	0.000616150821151	-1.22050251998	0.0636338894483
mutant512	0.000403437645066	0.296378750092	0.219583091104
mutant513	0.00112550583219	-1.28754153368	0.309175992544
mutant514	0.000858113219594	0.15719965415	0.268539085286
mutant515	0.000205801951768	0.630019805307	0.36087726235
mutant516	0.0011467262096	-0.133412898399	0.361004408111
mutant517	0.000849017812234	-0.143315911114	0.0981866346102
mutant518	0.000360363416821	-0.563688719804	0.39511561677
mutant519	0.000829893465186	0.538412379057	0.279430161597
mutant52	0.000376136207552	-0.0399171232339	0.0971126545254
mutant520	0.00085696708533	-0.0608754915232	0.187368367202
mutant521	0.000993779256615	-0.0661904635208	0.0944536350093
mutant522	0.000561409995827	0.753199430466	0.180343760575
mutant523	0.000201847476021	0.132492582904	0.327056589165
mutant524	0.00055760680681	-0.788646775172	0.153441978117
mutant525	0.000580576894637	-1.42727620717	0.304507655624
mutant526	0.000203216060557	0.155795810833	0.172967133665
mutant527	0.000478642380544	0.756822223128	0.272237408535
mutant528	0.00041265228129	-0.393416019813	0.328642058622
mutant529	0.00115221182595	-0.157529898935	0.391246928293
mutant53	0.000836532651129	-0.44158496635	0.2657801606
mutant530	0.000240294692296	-0.71459990797	0.250269389028
mutant531	0.000279132818274	0.654666356897	0.274545931128
mutant532	0.000454606932779	0.766708521369	0.312361106771
mutant533	0.000712719914283	-1.11406968283	0.176001242904
mutant534	0.00110573352635	0.244434226281	0.0832975249795
mutant535	0.00066049270373	0.677665408735	0.132830227781
mutant536	0.000960540188428	-0.358245057267	0.149188070373
mutant537	0.000268876866766	-0.621326004294	0.119856874127
mutant538	0.000894328724877	-1.26941763701	0.256754999084
mutant539	0.00084063494028	-0.288623145723	0.140473333528
mutant54	0.000984551977628	-0.629754532221	0.208022390527
mutant540	0.000708082112706	0.742961483034	0.392680746383
mutant541	0.000963527249292	-0.837451081046	0.0608219050359
mutant542	0.00100815595154	-1.06691441162	0.222300920029
mutant543	0.00104335441413	0.737831733616	0.096504959142
mutant544	0.000716464730573	-1.19589012526	0.330244428792
mutant545	0.000896846788746	-0.407045958241	0.207279171795
mutant546	0.000464196038126	0.168094971905	0.130030389219
mutant547	0.000691114327542	-1.3271886577	0.257847690643
mutant548	0.0010706223107	-1.48131972302	0.192584347442
mutant549	0.00095792743387	-0.543601224709	0.101218256888
mutant55	0.000810376760292	0.671485668399	0.133139132172
mutant550	0.000806105170599	-0.543529816914	0.0834591975732
mutant551	0.00106515836602	-0.3193162235	0.305451360271
mutant552	0.000815528946307	-0.526962665745	0.27343351386
mutant553	0.000371250339753	-0.332622319472	0.244679364038
mutant554	0.0010097991614	-1.23958939689	0.153752966858
mutant555	0.000743350134562	-1.30489442696	0.078373734994
mutant556	0.000331596023826	-0.0401921426691	0.0984858715292
mutant557	0.000408018746081	-1.31212110785	0.14433079423
mutant558	0.000236359815945	-1.00482611376	0.17040750834
mutant559	0.000383553944127	-1.0956644937	0.387374575851
mutant56	0.000736917285809	0.560955683758	0.110099334511
mutant560	0.000686567371604	-0.594584206207	0.27324413718
mutant561	0.000232189194289	-0.514903920095	0.0935727405482
mutant562	0.000212803403789	0.225485968708	0.147729984958
mutant563	0.0011047585648	-0.100190400224	0.2623014112
mutant564	0.00107844956998	0.835535498163	0.298943759405
mutant565	0.00070033342242	0.312711724658	0.0555810385445
mutant566	0.000680752008848	-0.444898450712	0.227212867578
mutant567	0.000214266891585	-1.415136652	0.101860975811
mutant568	0.000246397651702	-1.42528751296	0.132991915319
mutant569	0.000742816028827	-0.428994518386	0.33647851858
mutant57	0.00114245848468	0.658725682872	0.33824725506
mutant570	0.00031746956271	-1.46789470517	0.227245075135
mutant571	0.000994046087447	-0.227005702372	0.215814327121
mutant572	0.000493598440453	-0.260640788151	0.100767590041
mutant573	0.000257251231338	0.33991993776	0.318842393296
mutant574	0.000549032710647	-0.000903298021724	0.100892027369
mutant575	0.000938120499962	-0.402984298695	0.167441536452
mutant576	0.00072647079426	-1.47616437456	0.207384128686
mutant577	0.000682106649381	-0.613995433449	0.145612798925
mutant578	0.000332228087602	-1.37348647462	0.148399265454
mutant579	0.0010469065666	-0.69113945232	0.383783904045
mutant58	0.000195785628633	0.0074353323644	0.288684079136
mutant580	0.00114746124392	0.534101608383	0.186848617873
mutant581	0.000351254308535	0.314256359235	0.120696422449
mutant582	0.000861439048648	-1.38697608875	0.361420260879
mutant583	0.000529602724952	0.839495734414	0.389930021176
mutant584	0.00020213070462	0.868286774646	0.238003492883
mutant585	0.000286199416456	-1.38675204056	0.216243478141
mutant586	0.00103879636232	-0.861397241451	0.120808826072
mutant587	0.000516450906039	-0.990022309803	0.272599981315
mutant588	0.000580023917105	0.787548167739	0.0953528858137
mutant589	0.000504196883341	0.768949466383	0.384346566841
mutant59	0.000825010606943	0.509871478253	0.189036573249
mutant590	0.000824507878413	-0.44984209954	0.0714301336908
mutant591	0.000543774074016	0.700478588127	0.3546294502
mutant592	0.000403681032461	0.823449684059	0.207590880373
mutant593	0.000352534135289	0.589348201271	0.191160135092
mutant594	0.000461639445735	0.401215071773	0.102318500541
mutant595	0.000992435936356	0.465003134259	0.30019246878
mutant596	0.000418323668177	0.212802317736	0.385570459577
mutant597	0.000424387849097	0.840450723806	0.135235829407
mutant598	0.000888715732644	0.212665374998	0.203253216179
mutant599	0.00112997333889	-0.648890659674	0.363435094719
mutant6	0.00114493329792	-0.390534160245	0.268038185145
mutant60	0.00100305703295	0.704640073372	0.31397271648
mutant600	0.000732439230004	0.309736394528	0.203079999423
mutant601	0.000251478182824	-0.844540230397	0.098211559202
mutant602	0.000529703178555	-0.518832825231	0.0997447945344
mutant603	0.000644421299581	0.31873361601	0.291319534057
mutant604	0.000756309812086	0.216770349731	0.262093488221
mutant605	0.000962125011669	-1.35021955478	0.228834577117
mutant606	0.000584928132992	-0.572960314894	0.272927505771
mutant607	0.000841494426558	-1.15780104272	0.141246209823
mutant608	0.000585510998778	-0.60036733983	0.19950688074
mutant609	0.000832202591772	0.0220040808947	0.158437611337
mutant61	0.00053764042832	-0.05095907534	0.193235009714
mutant610	0.00074979129598	-1.42700262982	0.272417638658
mutant611	0.00109376856103	-0.907923622237	0.207512728229
mutant612	0.000259646834502	-0.305647580261	0.225466521077
mutant613	0.000496787152738	0.731691088899	0.260354893344
mutant614	0.000294185946059	-0.489406261059	0.284311147856
mutant615	0.00055196737913	-1.05372100274	0.253238587412
mutant616	0.000321242938811	0.691668235725	0.0719891556111
mutant617	0.00100023792796	-0.904028236383	0.0953563191258
mutant618	0.000435463488497	0.775365003883	0.082276387372
mutant619	0.000443550627136	0.0997193644397	0.209777558655
mutant62	0.000314154754007	-1.13459178886	0.0895802424995
mutant620	0.000541284739451	-0.16390792139	0.339370288002
mutant621	0.000903007144951	-1.46257098293	0.299234324878
mutant622	0.000687182734289	-1.09664469982	0.369283809695
mutant623	0.000380391801051	0.687309223885	0.0964700985133
mutant624	0.00107329199574	0.377518751635	0.146612399165
mutant625	0.000890368489513	0.88440611079	0.374897238931
mutant626	0.00038207900625	0.0511160502602	0.146874120101
mutant627	0.000905198542208	0.698887321706	0.312959662905
mutant628	0.000673619627894	-0.911119102396	0.314008435044
mutant629	0.000768314346153	-0.924356136102	0.127929373818
mutant63	0.000382669417321	-0.151733362324	0.152786872129
mutant630	0.000497014616488	-0.92251934167	0.329370768813
mutant631	0.000418989142758	-0.551387768471	0.267869099872
mutant632	0.000688940895332	-0.434728372972	0.0960769569253
mutant633	0.00096097969682	0.52995894866	0.343211709901
mutant634	0.000568234977129	0.274477159256	0.314412389807
mutant635	0.000817405267371	0.0346299255723	0.285625837141
mutant636	0.000928107684043	-0.928298906454	0.362566971368
mutant637	0.000736156391328	0.836256979268	0.268213756365
mutant638	0.000622593937781	-1.27538486714	0.359188869936
mutant639	0.000767911631635	-0.676005494872	0.2498943115
mutant64	0.000418359905427	-0.0886647992652	0.27708247186
mutant640	0.00103071280874	-0.482997538642	0.289111650309
mutant641	0.00039238515291	-0.132974693568	0.341399208459
mutant642	0.000473978560855	0.326477044557	0.302864138729
mutant643	0.00110333704198	0.633517961913	0.229454935631
mutant644	0.000933369587067	0.807738230275	0.350363635841
mutant645	0.00100561727165	0.0908656524624	0.18422741094
mutant646	0.00109733301329	0.325105620777	0.0937025620486
mutant647	0.000961652641179	0.66400560362	0.186139390813
mutant648	0.000915878759729	0.675322660025	0.235225167145
mutant649	0.000631911856789	-1.27107691541	0.172675245148
mutant65	0.000924666966625	-0.704696424936	0.126756323719
mutant650	0.000802031607287	-0.0124569768004	0.12355394858
mutant651	0.0005023805244	-0.00962228666395	0.205909995012
mutant652	0.000831263495426	-0.772832033761	0.207864849416
mutant653	0.000447193051251	-1.25513850865	0.169658359692
mutant654	0.000894406113825	-0.125931030512	0.201109794702
mutant655	0.000825215773529	-0.167018384914	0.359390864556
mutant656	0.00094213338119	-1.04804207573	0.397948111768
mutant657	0.000953725523816	-0.647479965261	0.348783572596
mutant658	0.000929456628964	0.0769952029817	0.109676528393
mutant659	0.00037887570591	-0.80315145514	0.266477080165
mutant66	0.000477223583044	0.858036308247	0.166122114002
mutant660	0.0009714597285	0.182797349579	0.21187835508
mutant661	0.00026878183856	-1.20720219498	0.134778091918
mutant662	0.00086251854905	0.419090419079	0.0503847877443
mutant663	0.000467970591091	-1.42551119098	0.352221868884
mutant664	0.000462134971708	-0.572765237396	0.347794658483
mutant665	0.00077395259626	0.869704331083	0.268705975228
mutant666	0.000457205244524	-0.40152203169	0.157246921505
mutant667	0.000869023010754	-0.659253676744	0.334790744563
mutant668	0.000635389486895	-0.933562807203	0.362855682376
mutant669	0.000961611746137	0.787420669491	0.344367712983
mutant67	0.000306632296465	-1.35440720988	0.382260848091
mutant670	0.00064112549633	-0.876711175839	0.169347474602
mutant671	0.000411188590664	0.287892165947	0.325209135579
mutant672	0.000401970650906	-1.28896126742	0.223708948867
mutant673	0.000814485792286	-1.09126316875	0.0822856258939
mutant674	0.000762246660951	0.642652077426	0.1644192696
mutant675	0.00102917030952	0.662862528168	0.152368226643
mutant676	0.00089437937952	-0.19575285034	0.304920001303
mutant677	0.000367798431479	-0.762425525652	0.364366506272
mutant678	0.000599377822501	-0.51875806485	0.330349212996
mutant679	0.000913883243209	0.16015023076	0.349063645456
mutant68	0.000948709107459	-0.42302002334	0.35176685341
mutant680	0.000902484509807	-1.13668406423	0.171848725428
mutant681	0.000608125599848	-1.24838940953	0.218498742423
mutant682	0.000658638982453	0.582944008798	0.0562043228467
mutant683	0.00070446795504	-0.267158789623	0.120216946218
mutant684	0.000470354667951	0.289158352306	0.249464313876
mutant685	0.000624744355948	0.224963125165	0.229063990039
mutant686	0.00102442867524	0.89282000731	0.108961885699
mutant687	0.000368441369147	-0.981094314942	0.324989817509
mutant688	0.000539820706866	0.634542314214	0.366291894798
mutant689	0.000760631676365	0.457070999389	0.335793667972
mutant69	0.000598582114697	0.766250617743	0.21459466818
mutant690	0.000450008777207	-0.903744952677	0.0798475881828
mutant691	0.00110963887482	-0.548008205975	0.331618629144
mutant692	0.000371969251693	-0.682365352398	0.0579181559023
mutant693	0.000398834078833	-0.227189522357	0.35160217034
mutant694	0.00107958510489	-0.439339508555	0.121929829529
mutant695	0.000759540402811	0.539863811561	0.358219509948
mutant696	0.000689326088727	0.601310951465	0.0674719311843
mutant697	0.000217031613825	-0.0836127842125	0.345156370939
mutant698	0.000358721827157	-0.650519731156	0.189106948606
mutant699	0.0009488672621	-0.803434718194	0.162306842449
mutant7	0.000536884775058	0.378580520447	0.393187888561
mutant70	0.000944052191034	-1.23320404073	0.0806449308709
mutant700	0.000601294567274	0.86132278358	0.379544778695
mutant701	0.000912696701927	-0.316449993631	0.0692550966018
mutant702	0.000237228971182	-1.12956277056	0.0976936635773
mutant703	0.00036705202109	0.844112666245	0.3336918422
mutant704	0.000810251230547	0.706134336421	0.128556770607
mutant705	0.000308037755485	-0.886641431728	0.294053406691
mutant706	0.00020995562663	0.497419495893	0.249217609576
mutant707	0.000464882635357	0.810867171143	0.370433176887
mutant708	0.000738765456802	-0.644154922557	0.111485985572
mutant709	0.000312646372504	0.872638936751	0.319657434686
mutant71	0.000981791688672	-0.257860770511	0.0638013421675
mutant710	0.000384411507944	-0.126375869117	0.276042157794
mutant711	0.000448935410242	0.236133827539	0.133023598667
mutant712	0.000648212235944	-0.360855954629	0.192684348699
mutant713	0.000728916755443	-0.253611875121	0.182567908451
mutant714	0.000804118308759	-1.10450851579	0.200566217056
mutant715	0.000737746372327	-0.738911056515	0.223692442217
mutant716	0.00074993867208	0.67782707177	0.296372162273
mutant717	0.000579490647702	-0.241707629424	0.0584347047315
mutant718	0.000933643672557	0.402629195841	0.12385362258
mutant719	0.000257288893312	-0.695462277631	0.158230898887
mutant72	0.00102602864498	0.206135486789	0.0691661502356
mutant720	0.000377033804386	-1.23325164783	0.323576453348
mutant721	0.000286497507561	0.486357069159	0.136656788361
mutant722	0.000219499672603	-0.837745276454	0.255855028649
mutant723	0.000689615009328	0.590557239269	0.122873308009
mutant724	0.00086798365431	-1.21712043523	0.206969137957
mutant725	0.000402586248322	-0.747682962404	0.39423412627
mutant726	0.000255136582572	0.194823496598	0.138138491697
mutant727	0.000957945518442	-0.856382167233	0.398776201328
mutant728	0.000788867369018	0.188973478092	0.324331991448
mutant729	0.000600067835693	-1.37052013385	0.122285258445
mutant73	0.000239285747068	-1.01917647326	0.145011814707
mutant730	0.00070317504266	-1.3996036549	0.296537899644
mutant731	0.000837408059624	0.306159665304	0.250549373093
mutant732	0.00104823481227	0.79597439989	0.198372348461
mutant733	0.000286363892456	-0.90481360199	0.303015542976
mutant734	0.000993054755041	0.804898647173	0.0875646581387
mutant735	0.0010512358483	0.774162773491	0.104601776694
mutant736	0.00100844706829	-0.570783900215	0.367293627101
mutant737	0.00113664519606	-0.637336834622	0.146122071717
mutant738	0.000893722714207	0.346688086514	0.280485898189
mutant739	0.00101580666782	-0.985273226818	0.294183265514
mutant74	0.000718633292999	-1.28184771787	0.113191386018
mutant740	0.00109368621896	-1.06697765009	0.335894071398
mutant741	0.000299574996926	-0.293435496834	0.265586714326
mutant742	0.00029036915718	-0.420567273202	0.235648281209
mutant743	0.000805123897492	-0.300211789173	0.296184959288
mutant744	0.000344189677746	-0.472529189674	0.256176815094
mutant745	0.00100375010047	0.66026199598	0.291087659375
mutant746	0.000455540350879	0.545207410162	0.398394848777
mutant747	0.000808115867116	0.375133524046	0.2618877831
mutant748	0.000950452683091	0.194085042533	0.274405168749
mutant749	0.000507139313276	-0.592644360302	0.114750937419
mutant75	0.000656615211652	-1.0583376864	0.133092534062
mutant750	0.000219686296937	-0.203330858918	0.220643973013
mutant751	0.000634879599978	0.23754727418	0.0729871928608
mutant752	0.000689175956237	-0.412928931004	0.169609820318
mutant753	0.000406956639858	-0.72720630334	0.241755380626
mutant754	0.00083408069641	-0.902077488511	0.340511635283
mutant755	0.000926018649452	-1.2392358829	0.293077157778
mutant756	0.000807828155684	-0.852686207285	0.111479969062
mutant757	0.00108692847015	0.186335416262	0.225933427015
mutant758	0.00112439718325	-0.592789483686	0.383977779284
mutant759	0.000591433611316	0.683628058635	0.373815936862
mutant76	0.000316727179635	0.613071865052	0.325998490531
mutant760	0.00109683427474	0.323788700219	0.2323095938
mutant761	0.000439386606325	-0.00850246917118	0.273012639693
mutant762	0.000429050812497	-0.30099103686	0.187855218209
mutant763	0.00101183549865	0.398685260036	0.392874831509
mutant764	0.000239287803307	0.312930123163	0.11095289002
mutant765	0.00114314286229	-0.935166823184	0.05613808177
mutant766	0.00100861600249	0.0569507541406	0.243192372835
mutant767	0.00059569458138	0.709926991158	0.25157997606
mutant768	0.00105704057503	-1.25902305736	0.150024645709
mutant769	0.000899399114869	-0.557601787808	0.1175117419
mutant77	0.000626268004207	0.208403654779	0.20961196567
mutant770	0.000627245476333	-0.0283922749972	0.245057763137
mutant771	0.000365757783283	-1.12552272755	0.129339493106
mutant772	0.0005002462839	-0.36965104188	0.243892345173
mutant773	0.00112653283588	-1.48604135336	0.088687200489
mutant774	0.000392767823152	-0.386383399993	0.194109074399
mutant775	0.00074632702479	0.402586769009	0.250927969769
mutant776	0.000571677824319	-0.624931614613	0.172480079867
mutant777	0.00046714772942	-0.351962727807	0.244889072247
mutant778	0.000365206188334	0.11889658096	0.177750370609
mutant779	0.000956462887245	-0.122921727067	0.329177240289
mutant78	0.000886594149704	0.699495114223	0.187248487872
mutant780	0.000848394560737	-0.414300288873	0.0589587288328
mutant781	0.000502434899859	-1.39344481999	0.10041613557
mutant782	0.000848309264795	0.0678999045319	0.399467370783
mutant783	0.00028993691337	-0.98728802678	0.117469645749
mutant784	0.000676653663054	-0.567245517323	0.265594966008
mutant785	0.000252787646859	-1.14387394467	0.229012751812
mutant786	0.00103236407545	-0.909224584047	0.29472344483
mutant787	0.000242015144293	-0.776830000842	0.202383206808
mutant788	0.000747183242892	-0.510857499321	0.113882608913
mutant789	0.000520455797286	-0.944965137432	0.299333015093
mutant79	0.0010894435842	0.359092450364	0.312955364387
mutant790	0.000944326214925	0.437217315174	0.372517106399
mutant791	0.000483527172934	0.33533119054	0.251399867738
mutant792	0.000375017957182	-0.660975010621	0.161989914794
mutant793	0.000487860527916	-0.296958232826	0.197268546898
mutant794	0.000603252483106	-0.914024344588	0.14635358359
mutant795	0.000921394431883	-0.616166560773	0.263331672803
mutant796	0.000332391150344	-0.180144478962	0.235953193505
mutant797	0.000404373136072	-1.15358003987	0.155888290321
mutant798	0.000473845918208	-0.865691401039	0.0865382500046
mutant799	0.000496158177881	-1.39347000567	0.203178745066
mutant8	0.00107207046847	-0.108030252041	0.132825286047
mutant80	0.000216425415679	-1.22380111842	0.0822446268483
mutant800	0.000822160192467	0.541779820608	0.19518097883
mutant801	0.000879377412627	0.844242837005	0.381457382032
mutant802	0.00110878448653	0.72246979438	0.189417387446
mutant803	0.000770029544819	0.171436968051	0.349698007251
mutant804	0.000953417902565	-1.39149077321	0.34757343237
mutant805	0.000239813909163	-0.731880120044	0.0624735713036
mutant806	0.000576335613046	0.798354798605	0.139249368001
mutant807	0.000221234269375	-0.255618470843	0.0546225121409
mutant808	0.000922794276498	-0.177437896552	0.38366150407
mutant809	0.000778217052773	0.78539927112	0.180864812223
mutant81	0.000558082126792	-1.17325685212	0.386896263524
mutant810	0.000341331309897	-0.0792806369338	0.23979778687
mutant811	0.000542721927887	0.0711468735759	0.319205713405
mutant812	0.000768833837618	-1.01357651052	0.123764640299
mutant813	0.000504147546932	-1.20910184312	0.201980987158
mutant814	0.000274488315149	-0.151001128386	0.192371020283
mutant815	0.00112538119691	-0.569230416899	0.266298872534
mutant816	0.000200434460751	-0.715051816685	0.0990458031621
mutant817	0.000375219833245	0.82032821253	0.155985806526
mutant818	0.000823720013456	-1.10339479131	0.398839140429
mutant819	0.000401975088108	-0.37806019684	0.052034916815
mutant82	0.00115071412164	0.805974294342	0.287366843304
mutant820	0.000550055886895	-0.495521323543	0.17134947615
mutant821	0.000866213977217	-1.08864879672	0.155833843466
mutant822	0.00105756728245	0.229339812367	0.176405537377
mutant823	0.000851702601434	0.877134190395	0.113638143686
mutant824	0.000792801884455	0.428652576803	0.318528926053
mutant825	0.000559470621196	-0.0500387243222	0.155101709025
mutant826	0.000647963734107	0.344817527831	0.364120756009
mutant827	0.00114551663662	-0.176122206269	0.366670976646
mutant828	0.000715101185896	-1.3679549553	0.058955691309
mutant829	0.000652029393288	-1.00495401858	0.124683794275
mutant83	0.000905422583785	-0.198606153465	0.255010976738
mutant830	0.000664917641373	-0.798100635429	0.156485399156
mutant831	0.000721999167984	0.211653420388	0.235131368689
mutant832	0.00087335239403	0.151156266646	0.37512480858
mutant833	0.000327337383394	-0.105265080216	0.167854684614
mutant834	0.00111144279516	-0.461108018917	0.327407719216
mutant835	0.000690375964971	0.125871217114	0.270194406711
mutant836	0.000320012102548	0.391560316364	0.380085459526
mutant837	0.00103465844141	-0.162319896465	0.0546914776377
mutant838	0.00108800604778	-0.671830607585	0.280366657941
mutant839	0.000444824444156	0.870328014397	0.214068072099
mutant84	0.00060630948587	-0.937563228054	0.311701821269
mutant840	0.000737659210179	0.817633381421	0.103359411111
mutant841	0.000818868540599	-0.379763497291	0.342786561182
mutant842	0.000730941740208	0.539093963783	0.0755256201516
mutant843	0.000615389915392	0.544358979534	0.398344563915
mutant844	0.00059158222785	0.733128507503	0.282846071684
mutant845	0.000854251936085	0.344101730039	0.108149086359
mutant846	0.000569743064146	-0.993027622082	0.0640160102761
mutant847	0.000908860567621	-0.217570132051	0.225370760671
mutant848	0.000226291886472	0.261925607617	0.342671294417
mutant849	0.000604007797854	-0.646573623475	0.37219520341
mutant85	0.000613013011365	0.897058059441	0.246510728204
mutant850	0.000935691686214	-0.73562343972	0.0614974189187
mutant851	0.000829184713259	-0.447299002116	0.356968702067
mutant852	0.000263590810528	-0.0416611661405	0.141955210964
mutant853	0.000975020642319	-0.858109761725	0.21551367361
mutant854	0.000332178824772	0.259838245476	0.264417383215
mutant855	0.000577933869389	-0.845573668868	0.385269869383
mutant856	0.00103882614509	0.05184516017	0.220809222083
mutant857	0.000238932634662	0.809947766611	0.150718284702
mutant858	0.000826737827773	-0.118744582179	0.18048947063
mutant859	0.000768866248223	0.393935831001	0.342746965725
mutant86	0.000768676128438	-0.318022393086	0.198504064226
mutant860	0.000572649942787	-0.598873514346	0.14990548303
mutant861	0.000740076755749	-0.0915341145595	0.275777239221
mutant862	0.000806499145706	0.231798605338	0.0979751139369
mutant863	0.000778260397969	0.815190297615	0.152115069922
mutant864	0.00103474393712	0.275788876083	0.372999829392
mutant865	0.000957808324494	-0.0931076483815	0.152072855261
mutant866	0.000622863462401	0.156775112202	0.366715944264
mutant867	0.00111890787071	-1.35463765297	0.247172367218
mutant868	0.000194593582799	-0.714418081818	0.322072394888
mutant869	0.000623342213891	-1.25191672612	0.250764068996
mutant87	0.000981668804685	-0.997685875904	0.298502527309
mutant870	0.000600656668249	-0.987712031504	0.201146731974
mutant871	0.000316064714737	-0.137643660452	0.24503451066
mutant872	0.00064533901354	0.685685163959	0.338871296806
mutant873	0.000871729135989	-1.07166507183	0.30720637293
mutant874	0.000781688377452	0.875742643578	0.216956555719
mutant875	0.00100918141286	0.123111507824	0.16350647077
mutant876	0.00066772444513	-0.108751326723	0.144789391943
mutant877	0.00114361751235	-0.294358782111	0.155136604533
mutant878	0.000226192694918	-0.359785116041	0.190196416932
mutant879	0.00057025032454	-0.271404940008	0.314860104524
mutant88	0.00057968720545	-0.19506531844	0.175983783221
mutant880	0.000581064409512	-0.552907245774	0.350474305444
mutant881	0.000535209670985	-0.887186234088	0.285814594643
mutant882	0.000728694764388	0.115369811603	0.326983531442
mutant883	0.000984619642902	-0.341780427276	0.193195372081
mutant884	0.000974740455231	0.327490036246	0.191497110649
mutant885	0.00114195263004	0.849851998013	0.161802549551
mutant886	0.000331664153645	-0.216335666183	0.399231805274
mutant887	0.000847503868447	-0.509212767257	0.291183832414
mutant888	0.000998594252042	-1.43528460572	0.162996351496
mutant889	0.000442613840975	-1.00335369643	0.345025027987
mutant89	0.00104881865128	0.128881038094	0.137273841265
mutant890	0.000871998882107	0.712225413867	0.160935855407
mutant891	0.000575344791924	-0.565559221316	0.192175349353
mutant892	0.000391586806338	-0.534790368218	0.127171701294
mutant893	0.00094161814108	0.156722699025	0.225059420059
mutant894	0.000925891516339	0.385668086172	0.18460667444
mutant895	0.00115201372048	-0.0667411319661	0.348144815209
mutant896	0.000364502905451	-0.471394762636	0.376806398085
mutant897	0.000314964506429	-0.436636546604	0.372681843062
mutant898	0.000573753868384	0.759130209756	0.343118959158
mutant899	0.000512470068228	-0.810439102975	0.35848755963
mutant9	0.000661846007775	0.543586936854	0.227149528988
mutant90	0.000999036568644	0.857511808756	0.337961504545
mutant900	0.000287799546578	0.247072624366	0.141668859374
mutant901	0.000867823928157	0.225331966545	0.1114575282
mutant902	0.000203776838531	-1.25287030898	0.0793857218502
mutant903	0.000214219229592	-0.968570387901	0.285657216363
mutant904	0.00048180026406	-0.153785578017	0.266795602005
mutant905	0.0008767432916	0.739797319867	0.128604227727
mutant906	0.000947568296552	-0.770727927563	0.24500135913
mutant907	0.000845679019794	-1.4394563396	0.0806722506858
mutant908	0.000946942782308	-0.445171194799	0.32056431638
mutant909	0.000883232376774	-1.30415814846	0.18031613854
mutant91	0.000267404247932	0.332883336284	0.311626405971
mutant910	0.000397869146243	0.37578559766	0.210108806492
mutant911	0.00111728408136	0.887679163704	0.146283795334
mutant912	0.000946182258668	-0.247606425368	0.378333589309
mutant913	0.000255785450251	-1.43359290659	0.157261868136
mutant914	0.00041015087767	0.632390783446	0.0788389947985
mutant915	0.000855623552129	0.191937651624	0.36859443559
mutant916	0.000892029603687	0.412888727569	0.365206503221
mutant917	0.000776461972675	0.761837440155	0.285569658707
mutant918	0.000462281071807	-1.43082298155	0.184603984367
mutant919	0.000911840242559	-0.660121747039	0.202925472209
mutant92	0.00108282206432	-0.501403204787	0.128006551887
mutant920	0.000577985089589	-0.126825556523	0.0829161192009
mutant921	0.000648683628818	-0.927199003381	0.262856772954
mutant922	0.000943577974562	-1.27522009623	0.382324170234
mutant923	0.000480632093159	0.413869359493	0.354753115816
mutant924	0.000457441740129	0.472460103511	0.196939111258
mutant925	0.00115183376093	-0.98171467253	0.111544773912
mutant926	0.000951091592152	0.492646662364	0.0519434580451
mutant927	0.000221314836596	0.533307738238	0.0532671635491
mutant928	0.000323056895989	0.790474228733	0.108122313197
mutant929	0.000571995469306	0.705660479364	0.0858068081149
mutant93	0.00108323756321	-1.38549293861	0.368036797901
mutant930	0.000377579652957	0.716384380628	0.15630302048
mutant931	0.000800894474595	0.821648489558	0.200078874337
mutant932	0.00100615890318	-0.311251432267	0.233246507191
mutant933	0.00103982775674	-1.08204837715	0.0725865226351
mutant934	0.000623952140214	-0.960220579562	0.184057667776
mutant935	0.000790438037716	-0.321113002111	0.0594036574598
mutant936	0.000474360226165	0.870652057343	0.365712408202
mutant937	0.000536436880244	-0.53652334424	0.305850574721
mutant938	0.000619159079181	-1.31221420614	0.32310520515
mutant939	0.000209336389794	-1.09108624821	0.208899063611
mutant94	0.000920572508691	0.894167449994	0.313190539789
mutant940	0.00100763814864	-1.20525668785	0.336228361445
mutant941	0.00086603307279	-0.742710611507	0.273454252821
mutant942	0.000423239375166	-0.391072296314	0.0550873179139
mutant943	0.000993752623512	-0.621158165347	0.177191759336
mutant944	0.000612543768448	-0.334103106802	0.386606464547
mutant945	0.0011015709583	0.659829583965	0.14031122951
mutant946	0.000579475846635	-0.096186947935	0.356583730584
mutant947	0.000229188520166	-0.446374591005	0.20891917887
mutant948	0.00105853927937	-0.203152403188	0.16475367036
mutant949	0.000302390273741	-0.0932644906036	0.337430898449
mutant95	0.000732411283584	-1.1292025569	0.370661098325
mutant950	0.00055747360558	0.0128640512261	0.183602637755
mutant951	0.000869414518546	-0.514903780334	0.17008015477
mutant952	0.000690665480808	-0.0964949819145	0.123353083148
mutant953	0.000815795297762	0.700887346997	0.0602368214719
mutant954	0.000299425625783	0.856997798172	0.0685460890404
mutant955	0.000714509980314	-1.24701362374	0.191537379141
mutant956	0.000532475892811	-1.07146230322	0.113246306221
mutant957	0.000363927303103	-1.47271622094	0.302884228998
mutant958	0.000855476178152	-1.06742111137	0.154510039405
mutant959	0.000710095963599	-1.13744166783	0.31088135086
mutant96	0.00101433257217	0.749093927327	0.300484519517
mutant960	0.000652934440563	-1.08233446516	0.0889796064479
mutant961	0.000697659244484	-1.25978980521	0.379052913989
mutant962	0.000316256193602	0.483243160499	0.248362872835
mutant963	0.00105148930996	0.309646890165	0.147309274805
mutant964	0.00102842157919	0.0622747117343	0.363667746327
mutant965	0.00113270112499	-0.102999968011	0.225607589867
mutant966	0.00106860613518	-0.202553043143	0.125818299725
mutant967	0.00056402562455	-1.0993489104	0.17278900122
mutant968	0.000697028336635	-1.42494876952	0.328381749995
mutant969	0.000814366399444	-1.086023483	0.132953999752
mutant97	0.000194843178675	-0.823556135677	0.0895429000349
mutant970	0.000278138670805	-0.936675081189	0.237048527449
mutant971	0.000938770763471	-0.916403750222	0.241847029022
mutant972	0.000471286802904	-1.12647361371	0.32118440952
mutant973	0.00101762339749	-0.323832051174	0.0942117977258
mutant974	0.00057517110307	-0.220771540127	0.228545022105
mutant975	0.000376751574249	-0.704296757814	0.14917941032
mutant976	0.00051631639029	-1.45118356904	0.25191158817
mutant977	0.000502646449581	0.662184101193	0.175951179233
mutant978	0.0011173156273	-0.153501105823	0.0683691705003
mutant979	0.00110828802139	0.764656433926	0.14405990976
mutant98	0.000476250447715	0.31534383523	0.114365653247
mutant980	0.000352375023726	0.817824797596	0.357298237393
mutant981	0.000777807400391	-0.475200941881	0.0832927917178
mutant982	0.00103548397153	-1.20017367716	0.399384360201
mutant983	0.000876436940609	-1.29044951081	0.212244600663
mutant984	0.00109744172322	-1.00987916755	0.322627820932
mutant985	0.000936534752976	-1.18633045208	0.364820054156
mutant986	0.000783122790835	-0.914323197901	0.170665575531
mutant987	0.000980666324624	0.416221366855	0.135816428337
mutant988	0.000565789525925	-0.120780062319	0.295553984919
mutant989	0.000959902261818	-1.36708707215	0.26739232044
mutant99	0.000240895018701	-0.369324942943	0.387992698408
mutant990	0.000762137553398	-0.837198049818	0.260668635652
mutant991	0.000558318350862	-1.3210984737	0.392882282225
mutant992	0.00107929072173	0.20165333558	0.056059265608
mutant993	0.000878197109717	0.393219776126	0.118402004638
mutant994	0.00106120920987	-1.32668112797	0.0568042272559
mutant995	0.00080771719688	0.482802091007	0.310070714461
mutant996	0.000579494788063	-1.3451298231	0.0504177260714
mutant997	0.000869315289999	-0.672865056993	0.162756848605
mutant998	0.000293432788186	-0.284295492091	0.156410537096
mutant999	0.000907654993028	-0.810160424403	0.162706100782
